2
1000
1.18 5.42
5.78 8.03
4.63 6.17
8.86 1.05
2.36 2.82
3.59 1.85
5.9 3.31
0.99 8.22
9.5 2.65
5.0 0.87
2.66 1.16
6.33 8.36
9.84 4.86
5.65 2.37
2.78 7.98
2.31 4.9
8.86 4.97
6.16 8.09
9.94 1.56
4.94 6.76
5.16 2.23
2.35 2.31
9.15 8.32
3.28 7.89
6.99 4.84
7.36 8.89
8.67 1.47
8.31 8.14
5.12 3.27
6.06 5.93
3.6 8.52
0.6 2.84
7.6 3.54
1.6 6.86
1.69 7.78
3.43 4.52
1.47 1.93
6.34 3.4
5.26 6.12
9.73 5.11
0.55 3.01
8.52 6.42
6.98 4.43
6.37 7.37
4.95 9.61
9.41 6.17
8.99 5.02
9.95 7.41
3.67 4.77
7.65 3.55
4.41 0.43
6.18 5.5
1.88 2.79
2.21 1.57
0.91 5.23
4.62 9.81
2.95 2.85
6.65 5.25
1.4 8.23
3.13 4.07
6.51 7.38
6.75 2.03
7.54 6.0
5.87 1.99
6.67 9.4
8.18 4.72
1.72 6.12
1.44 0.32
8.02 2.89
4.85 1.05
8.49 9.32
6.84 0.94
1.69 0.92
8.18 3.78
6.38 2.95
0.55 0.18
6.45 1.59
9.25 5.23
7.36 2.35
6.96 9.18
7.32 2.52
1.78 0.57
8.89 2.76
9.94 7.65
0.82 3.37
2.64 5.66
3.07 6.08
6.33 0.13
2.83 6.69
0.38 3.63
6.03 3.76
3.88 8.42
4.46 9.39
1.4 5.13
9.14 6.37
1.54 1.62
6.11 3.99
8.68 2.2
6.52 6.01
0.76 8.41
4.27 5.07
5.57 0.8
1.63 4.8
9.62 1.57
6.15 2.53
1.07 5.61
4.13 7.34
9.52 2.16
4.51 5.61
2.76 1.14
2.21 3.8
4.91 6.89
3.98 1.83
3.21 9.57
2.37 1.65
1.07 5.07
2.08 2.62
1.02 3.06
8.26 9.5
0.35 3.52
1.61 2.17
5.12 4.01
6.2 0.69
1.31 7.33
3.68 3.26
7.5 2.91
6.74 7.78
3.14 4.86
7.35 9.16
5.94 6.36
0.17 8.82
2.76 9.35
5.76 4.43
7.19 4.67
3.37 4.23
4.99 6.55
9.69 8.12
4.33 5.83
7.0 9.39
2.66 3.38
9.17 6.86
6.22 5.72
2.01 8.36
2.98 3.96
8.52 4.27
9.88 3.02
8.94 4.15
5.9 2.94
8.37 3.16
0.71 8.43
0.95 0.3
0.29 8.47
9.38 7.33
9.06 7.1
6.94 3.18
4.0 1.01
8.41 4.41
6.64 9.62
4.14 1.52
9.85 9.12
2.27 8.19
3.01 2.09
3.94 5.64
8.98 6.3
9.57 6.86
8.75 7.34
4.85 6.3
8.27 1.84
4.27 1.44
7.99 1.3
3.83 4.82
1.94 5.09
0.33 2.69
1.65 0.93
6.1 3.25
1.25 9.4
7.9 9.61
1.34 5.75
3.87 4.89
5.39 8.53
4.42 7.31
5.31 0.46
4.24 3.73
0.16 5.51
7.56 1.38
1.37 0.15
0.9 8.18
4.95 4.43
6.22 6.85
6.2 1.03
3.0 3.35
0.14 7.9
8.4 4.56
2.28 0.45
3.1 6.03
4.19 7.79
6.58 1.68
8.95 5.97
7.71 6.67
2.19 7.38
3.88 6.71
4.21 5.49
0.7 0.27
3.91 4.17
6.61 9.53
0.06 4.86
9.62 1.88
5.88 4.78
3.35 6.5
4.47 6.63
4.95 8.87
6.38 8.56
7.17 2.74
8.6 8.26
5.37 0.04
6.07 3.59
4.62 4.23
4.06 1.22
2.09 6.46
6.76 6.8
0.77 0.05
9.93 5.63
3.1 1.23
6.21 4.62
2.5 9.9
8.29 8.28
7.49 2.34
2.19 4.69
2.66 5.62
5.54 3.05
5.55 3.67
5.06 7.17
2.17 8.94
1.06 5.79
8.32 0.89
0.32 0.73
7.22 1.98
1.42 8.5
5.74 9.77
8.08 0.1
9.68 7.43
4.28 9.84
8.03 2.93
6.68 2.73
3.71 7.21
2.81 2.98
4.46 8.42
1.34 1.86
9.09 9.08
9.18 6.33
8.95 4.24
9.6 3.68
9.94 2.86
8.65 3.69
4.46 3.43
4.66 6.38
3.57 1.36
3.71 8.51
7.83 6.54
1.91 2.54
8.37 8.41
4.53 4.03
7.61 5.87
8.02 9.37
1.38 8.13
0.41 6.66
5.55 3.67
0.39 8.58
5.75 3.46
8.56 8.2
0.92 4.97
1.54 8.65
0.78 1.4
5.85 7.12
9.79 2.75
7.98 9.59
3.32 1.41
3.23 1.05
2.23 0.58
4.08 9.05
1.92 5.96
9.38 4.16
8.24 5.02
0.52 0.92
0.47 7.97
9.57 0.8
9.62 2.68
9.27 9.94
6.57 6.09
4.58 1.78
0.79 2.77
5.31 2.52
0.16 8.68
7.89 3.83
8.97 1.22
9.45 3.53
9.51 5.48
9.07 7.62
5.49 0.16
7.26 0.93
5.55 4.6
2.48 9.95
5.41 2.0
9.74 2.94
9.62 4.37
3.38 9.08
7.56 4.94
5.03 8.48
9.95 8.43
6.6 9.94
8.47 5.74
0.06 8.92
6.06 7.82
0.37 1.55
4.3 3.51
3.74 1.02
5.01 8.82
1.83 4.4
9.86 1.06
5.93 2.0
1.84 4.12
9.89 5.84
9.88 1.31
7.24 9.53
4.37 3.93
3.71 3.35
5.91 9.31
5.29 3.34
3.4 2.58
5.0 0.5
9.14 6.56
3.13 7.18
1.1 3.43
0.08 6.57
6.6 5.21
7.85 4.73
6.59 7.86
6.22 5.15
8.21 4.38
1.72 1.67
6.26 1.42
4.18 5.87
0.49 1.38
4.83 1.01
7.81 5.63
5.53 6.58
0.25 3.71
4.56 4.57
9.05 6.07
6.01 6.0
1.4 8.53
8.91 9.17
4.09 2.92
2.82 3.65
1.65 4.93
6.22 4.24
6.69 0.8
7.85 0.53
1.9 5.55
5.47 8.94
4.71 8.89
9.81 4.59
0.58 0.42
6.67 4.71
7.67 5.99
6.07 8.3
9.77 4.05
3.68 5.1
9.21 4.62
9.48 9.83
7.26 3.94
3.81 4.48
5.96 2.11
8.42 0.43
1.2 8.98
4.87 4.42
3.59 6.22
3.25 1.55
1.79 9.16
4.95 4.69
1.83 5.39
0.93 2.3
3.82 2.49
3.35 8.71
8.52 6.96
1.8 4.43
2.19 1.74
7.33 9.88
7.51 6.74
3.35 2.94
9.82 3.4
6.55 6.8
2.91 1.15
4.79 8.18
8.06 5.7
0.39 3.95
4.74 2.06
2.72 7.4
1.81 8.26
7.07 8.75
8.63 7.74
2.55 2.86
2.11 7.02
5.28 8.83
5.46 8.01
4.58 2.71
3.19 5.59
3.48 4.68
3.16 4.22
9.49 0.3
7.83 1.37
9.83 7.91
3.9 9.7
3.59 0.59
5.65 7.61
7.94 7.63
7.87 0.63
2.7 8.69
9.04 2.02
1.1 2.44
9.9 1.38
4.26 3.39
2.23 9.95
1.28 4.9
4.08 1.27
6.2 0.0
1.71 1.18
1.02 9.0
8.91 1.26
0.8 1.14
8.28 9.03
1.32 9.07
0.41 0.89
4.46 9.81
0.45 9.3
7.5 5.24
5.74 2.21
8.7 6.33
1.93 4.63
2.97 6.87
9.5 2.35
3.93 9.58
9.74 2.99
7.68 3.8
4.85 5.43
1.46 2.96
8.74 4.6
9.08 3.96
6.52 0.33
0.29 2.29
4.48 5.15
6.01 8.98
5.44 6.2
7.15 0.18
9.82 0.59
8.54 8.58
5.13 8.2
5.57 7.61
3.32 1.14
5.7 9.19
7.13 9.15
9.12 9.95
0.67 5.23
5.91 0.2
5.82 0.73
9.4 5.39
1.32 5.53
7.25 6.35
5.08 8.74
4.2 3.33
7.0 6.82
4.6 2.14
2.6 6.88
5.14 4.89
7.16 5.57
6.61 6.85
5.1 9.1
1.51 0.62
6.39 7.71
3.55 8.54
0.5 4.25
7.86 8.19
0.47 9.38
5.07 5.95
2.34 6.01
4.37 9.18
9.14 5.46
2.08 1.24
6.31 3.12
4.1 3.14
0.76 9.18
6.51 7.11
1.95 9.5
8.11 9.86
2.08 0.04
7.65 4.19
9.09 8.42
3.14 4.84
5.1 7.91
0.93 4.88
5.62 0.92
1.32 5.05
3.38 0.27
6.95 9.56
8.07 6.14
4.72 1.75
1.18 3.02
5.46 8.94
3.37 3.6
9.6 6.59
4.54 2.4
8.92 8.94
1.42 5.98
1.74 8.04
2.0 7.12
8.74 0.37
3.62 2.33
8.72 6.36
1.65 4.43
9.29 9.79
2.77 3.48
4.63 2.52
8.56 5.59
5.07 8.24
8.09 8.26
9.69 5.9
0.12 6.88
5.18 2.3
6.26 9.47
1.64 2.25
1.03 9.42
9.91 2.9
7.93 1.34
9.54 6.12
8.76 9.96
5.04 2.29
2.74 5.07
2.32 7.21
4.08 0.48
1.17 2.83
7.67 7.83
6.38 4.72
9.51 6.81
2.03 9.87
6.99 5.04
2.97 4.82
4.88 1.81
4.11 7.32
5.74 7.64
3.14 6.8
2.36 5.42
7.22 2.47
0.83 7.59
6.06 5.92
4.98 4.76
10.0 6.08
4.79 5.97
0.32 8.46
3.71 5.89
0.33 4.53
9.99 9.98
2.81 7.46
4.02 6.78
5.11 3.06
8.65 4.15
4.66 1.57
6.18 5.04
4.97 2.3
1.75 5.36
5.53 2.28
4.76 4.12
0.38 6.12
6.01 9.91
7.73 5.52
1.52 4.86
8.21 3.92
9.09 8.91
3.31 9.06
4.04 2.03
8.84 6.3
6.82 4.65
3.62 6.87
8.37 4.36
4.69 3.64
8.83 1.53
6.34 1.91
9.61 3.38
5.32 7.32
2.15 3.98
0.52 8.98
0.09 2.3
5.46 8.35
6.01 6.38
7.58 7.2
7.89 7.61
3.65 1.12
4.28 4.99
8.25 4.11
0.83 5.22
1.21 2.62
4.43 8.96
1.14 6.0
8.47 9.87
1.61 6.61
7.28 8.08
5.35 9.36
2.57 7.95
2.98 6.33
1.72 5.81
6.93 1.17
5.09 3.41
6.51 2.39
8.31 2.64
6.64 9.6
0.42 1.18
2.78 4.52
8.58 5.7
8.34 0.96
0.95 0.86
0.2 6.06
2.61 9.0
4.05 8.83
1.87 6.5
8.43 5.66
0.59 3.2
5.73 3.89
6.26 2.46
9.94 5.28
4.74 3.94
1.05 8.76
2.22 7.04
8.09 8.16
7.45 6.87
2.84 5.68
6.99 0.47
3.51 8.29
7.84 0.17
0.82 6.86
5.4 9.01
2.91 2.41
1.05 5.43
9.43 8.33
0.56 3.2
7.89 2.95
8.49 0.02
6.78 2.29
5.96 6.46
7.75 1.33
0.44 0.85
5.42 7.94
7.99 2.35
5.01 6.36
2.02 9.26
0.82 2.21
0.27 3.99
6.47 3.59
4.8 4.78
2.85 7.53
7.65 2.39
0.14 7.0
1.81 1.48
1.56 1.39
0.87 6.83
3.26 6.99
3.93 5.17
1.54 5.36
4.66 6.52
8.62 3.53
0.28 1.38
2.62 6.2
7.75 5.39
1.06 5.89
7.27 1.75
9.99 0.92
7.06 9.73
1.97 7.11
0.25 7.1
9.49 6.08
8.09 6.79
7.59 7.4
2.31 5.97
9.61 6.82
2.33 6.26
4.68 9.54
8.01 6.34
0.35 7.18
7.45 8.29
7.37 2.47
6.42 3.87
0.47 3.06
4.48 6.59
6.34 7.73
0.07 5.51
9.2 2.95
1.11 3.33
9.71 5.96
2.33 2.01
9.86 1.08
4.27 7.45
8.35 5.64
3.09 2.55
1.35 0.96
3.55 1.57
5.61 6.92
3.73 3.28
4.93 6.78
4.45 9.58
0.45 8.49
3.31 9.93
5.22 0.72
0.65 4.17
9.09 1.47
4.51 1.51
1.48 2.08
2.49 0.06
2.13 3.01
1.78 6.08
7.09 2.05
5.98 4.46
5.15 9.18
6.25 4.53
5.96 2.44
0.65 8.65
6.67 0.05
7.57 3.09
6.31 1.5
8.16 7.82
7.01 8.39
4.58 2.63
3.15 6.52
7.15 0.8
8.12 2.43
1.86 5.92
4.66 3.64
3.48 1.49
4.12 0.46
5.47 7.62
8.59 6.54
9.63 4.03
0.09 9.82
8.91 9.51
3.99 8.37
8.12 5.85
3.93 4.64
0.81 3.28
4.99 2.15
9.46 9.16
5.98 4.08
5.03 2.23
8.0 5.37
7.15 9.68
4.86 4.02
5.06 8.33
2.08 4.54
6.49 1.67
1.48 3.3
7.2 1.43
4.43 9.75
6.41 9.27
5.97 2.45
1.43 2.04
2.56 1.17
7.92 9.88
9.2 5.51
6.89 8.45
10.0 9.69
1.09 9.54
4.95 0.53
9.85 7.18
0.78 2.12
8.08 6.8
3.46 9.17
2.52 2.99
7.63 5.97
1.73 9.41
8.09 5.83
2.33 3.71
5.6 8.83
2.6 4.7
7.23 9.41
3.41 0.05
0.9 1.51
3.72 4.68
3.07 0.54
8.79 1.59
8.62 0.24
9.31 5.99
9.35 8.85
3.77 5.85
3.5 8.49
3.13 8.04
3.61 1.74
4.36 4.62
0.16 4.36
1.87 6.21
9.28 8.03
9.88 1.13
9.1 0.73
2.32 5.05
1.39 5.17
4.02 5.5
8.0 5.83
4.88 4.6
6.41 1.87
4.63 3.45
3.58 6.49
4.65 3.87
0.79 9.17
3.86 8.93
0.28 8.23
5.52 4.3
7.79 2.09
1.75 6.62
6.68 3.29
8.24 7.29
6.27 9.73
0.35 6.42
8.59 9.78
7.95 9.32
1.82 0.76
4.91 9.92
0.7 3.91
0.3 6.97
0.11 0.54
3.49 2.84
4.61 8.38
2.82 1.92
9.29 8.23
5.53 7.66
8.17 3.2
6.75 3.06
6.27 0.54
9.71 3.11
7.39 0.72
4.63 0.82
9.41 5.49
6.34 7.34
5.99 7.48
2.02 9.7
6.54 5.34
3.62 8.79
5.3 0.18
3.2 0.25
4.83 0.71
8.35 7.38
2.57 0.14
0.7 7.37
8.42 8.73
1.63 6.13
9.83 6.13
1.13 5.91
5.25 8.77
4.81 9.66
7.8 8.78
5.16 9.57
9.26 7.12
3.22 0.94
0.76 0.4
0.44 6.89
0.03 3.28
4.66 2.49
2.52 9.21
7.73 2.06
0.97 4.93
0.93 7.01
9.13 5.86
0.23 6.22
3.53 4.19
0.9 0.14
8.87 6.67
6.68 9.38
1.0 9.67
8.3 3.65
1.39 6.9
1.5 0.35
3.33 3.64
8.54 1.47
4.18 2.31
2.89 5.57
2.37 8.09
6.22 2.42
7.33 2.16
4.27 5.84
6.32 2.18
1.15 5.37
7.23 1.63
0.44 2.31
6.66 6.67
5.73 4.0
3.19 3.52
1.07 5.91
4.87 5.37
3.59 7.87
2.03 1.8
3.0 7.64
7.85 5.99
7.11 9.13
0.09 2.43
3.01 4.2
3.84 6.14
3.6 4.03
1.7 5.94
9.43 5.58
5.69 7.61
9.59 2.88
1.0 3.21
1.58 9.45
0.51 7.99
9.57 0.8
2.2 9.99
4.22 6.81
9.93 4.35
0.33 4.31
5.71 3.45
3.28 2.93
4.97 1.53
3.9 5.15
7.36 9.37
7.04 6.0
1.14 5.21
6.77 4.83
6.09 3.87
8.87 0.2
6.18 0.19
9.42 3.36
3.21 3.63
0.71 0.92
8.28 6.93
8.93 6.18
0.14 7.67
9.87 1.0
5.68 9.1
9.3 0.42
4.03 1.01
8.16 3.36
8.41 7.21
3.59 2.09
2.48 7.77
5.69 3.7
6.63 0.26
9.14 2.92
7.73 0.11
8.22 4.87
8.49 8.69
9.04 7.61
6.38 4.44
5.26 9.57
1.86 1.51
1.37 4.49
4.25 2.59
4.83 6.52
3.53 0.06
6.23 0.89
8.67 5.18
9.96 8.87
7.73 9.79
2.5 0.58
2.58 4.67
7.84 3.07
8.44 4.86
4.38 5.98
3.36 1.48
3.79 1.96
3.77 2.18
4.61 6.26
4.91 6.99
8.61 9.62
2.79 9.61
7.22 0.33
8.46 4.59
3.77 5.83
1.81 9.34
9.31 0.28
4.55 6.62
3.39 3.18
4.13 6.77
9.61 1.46
8.35 2.16
2.16 9.3
5.99 1.35
1.44 4.09
3.06 2.93
1.58 8.37
8.91 1.66
3.56 7.06
6.05 1.84
7.87 6.69
6.83 7.02
0.06 9.92
8.68 5.68
4.95 6.5
0.04 7.43
8.2 8.4
3.44 9.78
5.36 9.28
1.23 0.39
7.41 2.22
7.52 1.77
7.66 4.36
0.11 0.31
10